image: ./my_map.pgm
resolution: 0.010000
origin: [-6.105577, -3.005866, 0.000000]
negate: 0
occupied_thresh: 0.65
free_thresh: 0.196

