image: room02.pgm
resolution: 0.010000
origin: [-7.830266, -8.758589, 0.000000]
negate: 0
occupied_thresh: 0.65
free_thresh: 0.196

